15,5
15,4
15,3
15,2
15,1
15,0
14,3
14,2
14,1
14,0
3,3
3,2
3,1
3,0
2,2
1,2
0,494
1,1
0,408
0,322
1,3
0,243
1,0
2,1
2,3
2,0
0,9
0,310
0,305
0,308
0,307
0,302
0,304
0,303
0,12
0,10
0,8
0,0
0,507
0,434
0,300
0,506
0,433
0,299
0,505
0,432
0,298
0,431
0,297
0,503
0,430
0,296
0,502
0,429
0,295
0,504
0,428
0,294
0,501
0,427
0,293
0,500
0,426
0,292
0,499
0,425
0,291
0,497
0,424
0,290
0,496
0,423
0,289
0,498
0,422
0,288
0,495
0,421
0,287
0,493
0,420
0,286
0,492
0,419
0,285
0,490
0,418
0,284
0,489
0,417
0,283
0,491
0,416
0,282
0,488
0,415
0,281
0,487
0,414
0,280
0,486
0,413
0,279
0,485
0,412
0,278
0,484
0,411
0,277
0,483
0,410
0,276
0,409
0,275
0,407
0,274
0,406
0,273
0,405
0,272
0,404
0,271
0,481
0,403
0,270
0,480
0,402
0,269
0,482
0,401
0,268
0,479
0,400
0,267
0,478
0,399
0,266
0,477
0,398
0,265
0,476
0,397
0,264
0,475
0,396
0,263
0,474
0,395
0,262
0,394
0,261
0,393
0,260
0,392
0,259
0,391
0,258
0,390
0,257
0,389
0,256
0,388
0,255
0,387
0,254
0,386
0,253
0,385
0,252
0,473
0,384
0,251
0,472
0,383
0,250
0,382
0,249
0,471
0,381
0,248
0,470
0,380
0,247
0,379
0,246
0,469
0,378
0,245
0,377
0,244
0,468
0,376
0,242
0,375
0,241
0,373
0,240
0,467
0,374
0,239
0,466
0,372
0,238
0,371
0,237
0,370
0,236
0,369
0,235
0,465
0,234
0,464
0,233
0,463
0,368
0,232
0,462
0,231
0,461
0,367
0,230
0,460
0,366
0,229
0,365
0,364
0,228
0,459
0,227
0,458
0,226
0,457
0,225
0,456
0,363
0,224
0,455
0,223
0,454
0,362
0,222
0,453
0,361
0,221
0,360
0,359
0,220
0,452
0,219
0,451
0,218
0,450
0,217
0,449
0,358
0,216
0,448
0,215
0,447
0,357
0,214
0,446
0,356
0,213
0,355
0,354
0,212
0,445
0,211
0,444
0,210
0,443
0,209
0,442
0,353
0,208
0,441
0,207
0,440
0,352
0,206
0,439
0,351
0,205
0,350
0,349
0,204
0,438
0,203
0,348
0,347
0,202
0,346
0,345
0,201
0,344
0,343
0,200
0,437
0,199
0,342
0,198
0,341
0,197
0,340
0,196
0,339
0,338
0,195
0,337
0,336
0,194
0,335
0,334
0,193
0,436
0,192
0,333
0,63
0,332
0,62
0,331
0,61
0,330
0,329
0,60
0,328
0,327
0,59
0,326
0,325
0,58
0,517
0,435
0,57
0,516
0,324
0,56
0,518
0,323
0,55
0,515
0,321
0,54
0,320
0,319
0,53
0,318
0,317
0,52
0,316
0,315
0,51
0,513
0,314
0,50
0,512
0,313
0,49
0,514
0,312
0,48
0,511
0,311
0,47
0,510
0,309
0,46
0,509
0,306
0,45
0,508
0,301
0,6
0,5
0,1
0,11
0,4
0,2
0,3
0,7
